0 2 0 -5.217031
0 2 1 -5.217031
0 2 2 -5.217031
0 2 3 -4.68559
0 4 0 0.0
0 4 1 0.0
0 4 2 0.0
0 4 3 0.0
1 0 0 -5.6953279000000006
1 0 1 -5.6953279000000006
1 0 2 -5.217031
1 0 3 -6.12579511
1 1 0 -5.6953279000000006
1 1 1 -5.217031
1 1 2 -4.68559
1 1 3 -5.217031
1 2 0 -5.217031
1 2 1 -5.217031
1 2 2 -4.68559
1 2 3 -4.0951
1 4 0 -1.9
1 4 1 -1.0
1 4 2 -1.9
1 4 3 -2.71
2 0 0 -6.12579511
2 0 1 -5.6953279000000006
2 0 2 -6.12579511
2 0 3 -6.12579511
2 2 0 -4.0951
2 2 1 -4.68559
2 2 2 -3.439
2 2 3 -4.0951
2 3 0 -4.0951
2 3 1 -3.439
2 3 2 -2.71
2 3 3 -3.439
2 4 0 -3.439
2 4 1 -1.9
2 4 2 -2.71
2 4 3 -2.71
