0 0 0 -7.712320754503874
0 0 1 -7.712320754503874
0 0 2 -7.458134171670971
0 0 3 -7.458134171670971
0 1 0 -7.712320754503874
0 1 1 -7.458134171670971
0 1 2 -7.175704635189974
0 1 3 -7.175704635189974
0 2 0 -7.458134171670971
0 2 1 -7.175704635189974
0 2 2 -7.175704635189974
0 2 3 -6.861894039099973
0 4 0 -6.513215598999975
0 4 1 -6.513215598999975
0 4 2 -6.125795109999978
0 4 3 -6.125795109999978
0 5 0 -6.513215598999975
0 5 1 -6.125795109999978
0 5 2 -6.125795109999978
0 5 3 -5.695327899999982
0 7 0 0
0 7 1 0
0 7 2 0
0 7 3 0
1 0 0 -7.458134171670971
1 0 1 -7.712320754503874
1 0 2 -7.175704635189974
1 0 3 -7.712320754503874
1 1 0 -7.458134171670971
1 1 1 -7.458134171670971
1 1 2 -6.861894039099973
1 1 3 -7.458134171670971
1 2 0 -7.175704635189974
1 2 1 -7.175704635189974
1 2 2 -6.513215598999975
1 2 3 -7.175704635189974
1 3 0 -6.861894039099973
1 3 1 -6.513215598999975
1 3 2 -6.125795109999978
1 3 3 -6.513215598999975
1 4 0 -6.513215598999975
1 4 1 -6.513215598999975
1 4 2 -5.695327899999982
1 4 3 -5.695327899999982
1 5 0 -6.125795109999978
1 5 1 -6.125795109999978
1 5 2 -5.695327899999982
1 5 3 -5.217030999999987
1 7 0 -1.8999999999999988
1 7 1 -0.9999999999999994
1 7 2 -1.8999999999999988
1 7 3 -2.7099999999999977
2 0 0 -7.712320754503874
2 0 1 -7.458134171670971
2 0 2 -7.458134171670971
2 0 3 -7.941088679053487
2 1 0 -7.712320754503874
2 1 1 -7.175704635189974
2 1 2 -7.175704635189974
2 1 3 -7.712320754503874
2 2 0 -7.458134171670971
2 2 1 -6.861894039099973
2 2 2 -7.175704635189974
2 2 3 -7.458134171670971
2 4 0 -5.695327899999982
2 4 1 -6.125795109999978
2 4 2 -5.217030999999987
2 4 3 -5.217030999999987
2 5 0 -5.695327899999982
2 5 1 -5.695327899999982
2 5 2 -5.217030999999987
2 5 3 -4.685589999999988
2 7 0 -2.7099999999999977
2 7 1 -1.8999999999999988
2 7 2 -2.7099999999999977
2 7 3 -3.438999999999995
3 0 0 -7.941088679053487
3 0 1 -7.712320754503874
3 0 2 -7.712320754503874
3 0 3 -8.14697981114813
3 1 0 -7.941088679053487
3 1 1 -7.458134171670971
3 1 2 -7.458134171670971
3 1 3 -7.712320754503874
3 2 0 -7.712320754503874
3 2 1 -7.175704635189974
3 2 2 -7.458134171670971
3 2 3 -7.712320754503874
3 4 0 -5.217030999999987
3 4 1 -5.695327899999982
3 4 2 -4.685589999999988
3 4 3 -5.217030999999987
3 5 0 -5.217030999999987
3 5 1 -5.217030999999987
3 5 2 -4.095099999999991
3 5 3 -5.217030999999987
3 6 0 -4.685589999999988
3 6 1 -4.095099999999991
3 6 2 -3.438999999999995
3 6 3 -4.685589999999988
3 7 0 -4.095099999999991
3 7 1 -2.7099999999999977
3 7 2 -3.438999999999995
3 7 3 -4.095099999999991
4 0 0 -8.146979811148126
4 0 1 -7.941088679053487
4 0 2 -8.146979811147954
4 0 3 -8.332281830032763
4 2 0 -7.712320754503874
4 2 1 -7.458134171670971
4 2 2 -7.941088679053487
4 2 3 -7.941088679053487
4 3 0 -7.712320754503874
4 3 1 -7.941088679053487
4 3 2 -7.941088679053487
4 3 3 -8.14697981114813
4 5 0 -5.217030999999987
4 5 1 -4.685589999999988
4 5 2 -4.685589999999988
4 5 3 -5.217030999999987
4 6 0 -5.217030999999987
4 6 1 -4.095099999999991
4 6 2 -4.095099999999991
4 6 3 -5.217030999999987
4 7 0 -4.685589999999988
4 7 1 -3.438999999999995
4 7 2 -4.095099999999991
4 7 3 -4.095099999999991
5 0 0 -8.332281830033159
5 0 1 -8.14697981114813
5 0 2 -8.14697981114813
5 0 3 -8.332281830033182
5 1 0 -8.332281830033306
5 1 1 -8.14697981114813
5 1 2 -7.941088679053487
5 1 3 -8.14697981114813
5 2 0 -8.14697981114813
5 2 1 -7.712320754503874
5 2 2 -8.14697981114813
5 2 3 -7.941088679053487
5 3 0 -7.941088679053487
5 3 1 -7.941088679053487
5 3 2 -8.332281830033306
5 3 3 -8.332281830033306
5 4 0 -8.14697981114813
5 4 1 -8.332281830033306
5 4 2 -8.332281830033306
5 4 3 -8.499053647029971
5 6 0 -5.217030999999987
5 6 1 -4.685589999999988
5 6 2 -5.217030999999987
5 6 3 -5.217030999999987
6 3 0 -8.332281830033306
6 3 1 -8.14697981114813
6 3 2 -8.499053647029971
6 3 3 -8.499053647029971
6 4 0 -8.332281830033306
6 4 1 -8.332281830033306
6 4 2 -8.649148282326962
6 4 3 -8.649148282326962
6 5 0 -8.499053647029971
6 5 1 -8.649148282326962
6 5 2 -8.649148282326962
6 5 3 -8.78423345409426
6 7 0 -9.099993440965111
6 7 1 -9.091265549239683
6 7 2 -9.10424310386598
6 7 3 -9.01516693212733
7 0 0 -8.905810108684834
7 0 1 -8.905810108684834
7 0 2 -8.78423345409426
7 0 3 -8.905810108684834
7 1 0 -8.905810108684834
7 1 1 -8.78423345409426
7 1 2 -8.649148282326962
7 1 3 -8.78423345409426
7 2 0 -8.78423345409426
7 2 1 -8.649148282326962
7 2 2 -8.499053647029971
7 2 3 -8.649148282326962
7 3 0 -8.649148282326962
7 3 1 -8.332281830033306
7 3 2 -8.649148282326962
7 3 3 -8.499053647029971
7 4 0 -8.499053647029971
7 4 1 -8.499053647029971
7 4 2 -8.78423345409426
7 4 3 -8.649148282326962
7 5 0 -8.649148282326962
7 5 1 -8.649148282326962
7 5 2 -8.905810108684834
7 5 3 -8.78423345409426
7 6 0 -8.78423345409426
7 6 1 -8.905810108670403
7 6 2 -9.01522909055338
7 6 3 -8.905810108682564
7 7 0 -8.90581010832589
7 7 1 -9.113168287140843
7 7 2 -9.015208270076497
7 7 3 -9.015211256662331
