0 0 -7.458134171670971
0 1 -7.175704635189974
0 2 -6.861894039099973
0 4 -6.125795109999978
0 5 -5.695327899999982
0 7 0
1 0 -7.175704635189974
1 1 -6.861894039099973
1 2 -6.513215598999975
1 3 -6.125795109999978
1 4 -5.695327899999982
1 5 -5.217030999999987
1 7 -0.9999999999999994
2 0 -7.458134171670971
2 1 -7.175704635189974
2 2 -6.861894039099973
2 4 -5.217030999999987
2 5 -4.685589999999988
2 7 -1.8999999999999988
3 0 -7.712320754503874
3 1 -7.458134171670971
3 2 -7.175704635189974
3 4 -4.685589999999988
3 5 -4.095099999999991
3 6 -3.438999999999995
3 7 -2.7099999999999977
4 0 -7.941088679053487
4 2 -7.458134171670971
4 3 -7.712320754503874
4 5 -4.685589999999988
4 6 -4.095099999999991
4 7 -3.438999999999995
5 0 -8.14697981114813
5 1 -7.941088679053487
5 2 -7.712320754503874
5 3 -7.941088679053487
5 4 -8.14697981114813
5 6 -4.685589999999988
6 3 -8.14697981114813
6 4 -8.332281830033306
6 5 -8.499053647029971
6 7 -9.01516693212733
7 0 -8.78423345409426
7 1 -8.649148282326962
7 2 -8.499053647029971
7 3 -8.332281830033306
7 4 -8.499053647029971
7 5 -8.649148282326962
7 6 -8.78423345409426
7 7 -8.90581010832589
