0 0 0 -7.7123207545039
0 0 1 -7.7123207545039
0 0 2 -7.458134171671
0 0 3 -7.458134171671
0 1 0 -7.7123207545039
0 1 1 -7.458134171671
0 1 2 -7.175704635190001
0 1 3 -7.175704635190001
0 2 0 -7.458134171671
0 2 1 -7.175704635190001
0 2 2 -7.175704635190001
0 2 3 -6.861894039100001
0 4 0 -6.5132155990000005
0 4 1 -6.5132155990000005
0 4 2 -6.12579511
0 4 3 -6.12579511
0 5 0 -6.5132155990000005
0 5 1 -6.12579511
0 5 2 -6.12579511
0 5 3 -5.6953279000000006
0 7 0 0.0
0 7 1 0.0
0 7 2 0.0
0 7 3 0.0
1 0 0 -7.458134171671
1 0 1 -7.7123207545039
1 0 2 -7.175704635190001
1 0 3 -7.7123207545039
1 1 0 -7.458134171671
1 1 1 -7.458134171671
1 1 2 -6.861894039100001
1 1 3 -7.458134171671
1 2 0 -7.175704635190001
1 2 1 -7.175704635190001
1 2 2 -6.5132155990000005
1 2 3 -7.175704635190001
1 3 0 -6.861894039100001
1 3 1 -6.5132155990000005
1 3 2 -6.12579511
1 3 3 -6.5132155990000005
1 4 0 -6.5132155990000005
1 4 1 -6.5132155990000005
1 4 2 -5.6953279000000006
1 4 3 -5.6953279000000006
1 5 0 -6.12579511
1 5 1 -6.12579511
1 5 2 -5.6953279000000006
1 5 3 -5.217031
1 7 0 -1.9
1 7 1 -1.0
1 7 2 -1.9
1 7 3 -2.71
2 0 0 -7.7123207545039
2 0 1 -7.458134171671
2 0 2 -7.458134171671
2 0 3 -7.94108867905351
2 1 0 -7.7123207545039
2 1 1 -7.175704635190001
2 1 2 -7.175704635190001
2 1 3 -7.7123207545039
2 2 0 -7.458134171671
2 2 1 -6.861894039100001
2 2 2 -7.175704635190001
2 2 3 -7.458134171671
2 4 0 -5.6953279000000006
2 4 1 -6.12579511
2 4 2 -5.217031
2 4 3 -5.217031
2 5 0 -5.6953279000000006
2 5 1 -5.6953279000000006
2 5 2 -5.217031
2 5 3 -4.68559
2 7 0 -2.71
2 7 1 -1.9
2 7 2 -2.71
2 7 3 -3.439
3 0 0 -7.94108867905351
3 0 1 -7.7123207545039
3 0 2 -7.7123207545039
3 0 3 -8.14697981114816
3 1 0 -7.94108867905351
3 1 1 -7.458134171671
3 1 2 -7.458134171671
3 1 3 -7.7123207545039
3 2 0 -7.7123207545039
3 2 1 -7.175704635190001
3 2 2 -7.458134171671
3 2 3 -7.7123207545039
3 4 0 -5.217031
3 4 1 -5.6953279000000006
3 4 2 -4.68559
3 4 3 -5.217031
3 5 0 -5.217031
3 5 1 -5.217031
3 5 2 -4.0951
3 5 3 -5.217031
3 6 0 -4.68559
3 6 1 -4.0951
3 6 2 -3.439
3 6 3 -4.68559
3 7 0 -4.0951
3 7 1 -2.71
3 7 2 -3.439
3 7 3 -4.0951
4 0 0 -8.14697981114816
4 0 1 -7.94108867905351
4 0 2 -8.14697981114816
4 0 3 -8.332281830033345
4 2 0 -7.7123207545039
4 2 1 -7.458134171671
4 2 2 -7.94108867905351
4 2 3 -7.94108867905351
4 3 0 -7.7123207545039
4 3 1 -7.94108867905351
4 3 2 -7.94108867905351
4 3 3 -8.14697981114816
4 5 0 -5.217031
4 5 1 -4.68559
4 5 2 -4.68559
4 5 3 -5.217031
4 6 0 -5.217031
4 6 1 -4.0951
4 6 2 -4.0951
4 6 3 -5.217031
4 7 0 -4.68559
4 7 1 -3.439
4 7 2 -4.0951
4 7 3 -4.0951
5 0 0 -8.332281830033345
5 0 1 -8.14697981114816
5 0 2 -8.14697981114816
5 0 3 -8.332281830033345
5 1 0 -8.332281830033345
5 1 1 -8.14697981114816
5 1 2 -7.94108867905351
5 1 3 -8.14697981114816
5 2 0 -8.14697981114816
5 2 1 -7.7123207545039
5 2 2 -8.14697981114816
5 2 3 -7.94108867905351
5 3 0 -7.94108867905351
5 3 1 -7.94108867905351
5 3 2 -8.332281830033345
5 3 3 -8.332281830033345
5 4 0 -8.14697981114816
5 4 1 -8.332281830033345
5 4 2 -8.332281830033345
5 4 3 -8.49905364703001
5 6 0 -5.217031
5 6 1 -4.68559
5 6 2 -5.217031
5 6 3 -5.217031
6 3 0 -8.332281830033345
6 3 1 -8.14697981114816
6 3 2 -8.49905364703001
6 3 3 -8.49905364703001
6 4 0 -8.332281830033345
6 4 1 -8.332281830033345
6 4 2 -8.649148282327008
6 4 3 -8.649148282327008
6 5 0 -8.49905364703001
6 5 1 -8.649148282327008
6 5 2 -8.649148282327008
6 5 3 -8.784233454094307
6 7 0 -9.113706188034751
6 7 1 -9.113706188034751
6 7 2 -9.113706188034751
6 7 3 -9.01522909781639
7 0 0 -8.905810108684877
7 0 1 -8.905810108684877
7 0 2 -8.784233454094307
7 0 3 -8.905810108684877
7 1 0 -8.905810108684877
7 1 1 -8.784233454094307
7 1 2 -8.649148282327008
7 1 3 -8.784233454094307
7 2 0 -8.784233454094307
7 2 1 -8.649148282327008
7 2 2 -8.49905364703001
7 2 3 -8.649148282327008
7 3 0 -8.649148282327008
7 3 1 -8.332281830033345
7 3 2 -8.649148282327008
7 3 3 -8.49905364703001
7 4 0 -8.49905364703001
7 4 1 -8.49905364703001
7 4 2 -8.784233454094307
7 4 3 -8.649148282327008
7 5 0 -8.649148282327008
7 5 1 -8.649148282327008
7 5 2 -8.905810108684877
7 5 3 -8.784233454094307
7 6 0 -8.784233454094307
7 6 1 -8.905810108684877
7 6 2 -9.01522909781639
7 6 3 -8.905810108684877
7 7 0 -8.905810108684877
7 7 1 -9.113706188034751
7 7 2 -9.01522909781639
7 7 3 -9.01522909781639
