0 0 -7.458134171671
0 1 -7.175704635190001
0 2 -6.861894039100001
0 4 -6.12579511
0 5 -5.6953279000000006
0 7 0.0
1 0 -7.175704635190001
1 1 -6.861894039100001
1 2 -6.5132155990000005
1 3 -6.12579511
1 4 -5.6953279000000006
1 5 -5.217031
1 7 -1.0
2 0 -7.458134171671
2 1 -7.175704635190001
2 2 -6.861894039100001
2 4 -5.217031
2 5 -4.68559
2 7 -1.9
3 0 -7.7123207545039
3 1 -7.458134171671
3 2 -7.175704635190001
3 4 -4.68559
3 5 -4.0951
3 6 -3.439
3 7 -2.71
4 0 -7.94108867905351
4 2 -7.458134171671
4 3 -7.7123207545039
4 5 -4.68559
4 6 -4.0951
4 7 -3.439
5 0 -8.14697981114816
5 1 -7.94108867905351
5 2 -7.7123207545039
5 3 -7.94108867905351
5 4 -8.14697981114816
5 6 -4.68559
6 3 -8.14697981114816
6 4 -8.332281830033345
6 5 -8.49905364703001
6 7 -9.01522909781639
7 0 -8.784233454094307
7 1 -8.649148282327008
7 2 -8.49905364703001
7 3 -8.332281830033345
7 4 -8.49905364703001
7 5 -8.649148282327008
7 6 -8.784233454094307
7 7 -8.905810108684877
